1747240999417 0.7532145977020264 55
1747241025194 0.5840455889701843 111
1747241050495 0.35010579228401184 167
1747241076237 0.26297301054000854 223
1747241101833 0.22413642704486847 279
1747241127511 0.20133782923221588 335
1747241152237 0.1762705147266388 391
1747241176620 0.16159209609031677 447
1747241200881 0.14916075766086578 503
1747241225261 0.14916162192821503 559
1747241249662 0.14322945475578308 615
1747241273988 0.13383236527442932 671
1747241298450 0.13194707036018372 727
1747241322764 0.12320452183485031 783
1747241347054 0.11837004870176315 839
1747241371298 0.12456806749105453 895
1747241395567 0.11432444304227829 951
1747241419752 0.10973118245601654 1007
