1747922077635 0.726398229598999 70
1747922112937 0.45618247985839844 141
1747922148475 0.28081214427948 212
1747922183740 0.23831988871097565 283
1747922219280 0.21421067416667938 354
1747922254751 0.1961858570575714 425
1747922290276 0.17727705836296082 496
1747922325939 0.17037513852119446 567
1747922361398 0.15729068219661713 638
1747922396920 0.1500517725944519 709
1747922432447 0.15202809870243073 780
1747922468032 0.1460634171962738 851
1747922503676 0.14470461010932922 922
1747922539071 0.1333550214767456 993
1747922574998 0.12812837958335876 1064
1747922610252 0.12558205425739288 1135
1747922645628 0.12437790632247925 1206
1747922680991 0.12076422572135925 1277
