1746554226541 0.0 101
1746554249664 1.0 203
1746554272009 2.0 305
1746554296542 3.0 407
1746554320188 4.0 509
1746554343790 5.0 611
1746554367176 6.0 713
1746554392035 7.0 815
1746554415511 8.0 917
1746554438669 9.0 1019
1746554461701 10.0 1121
1746554485021 11.0 1223
1746554507955 12.0 1325
1746554529160 13.0 1427
1746554550289 14.0 1529
1746554573535 15.0 1631
1746554595996 16.0 1733
1746554617640 17.0 1835
1746554640653 18.0 1937
1746554664060 19.0 2039
1746554685903 20.0 2141
1746554708297 21.0 2243
1746554730604 22.0 2345
1746554753950 23.0 2447
1746554776074 24.0 2549
1746554797651 25.0 2651
1746554821428 26.0 2753
1746554843869 27.0 2855
1746554865578 28.0 2957
1746554888542 29.0 3059
1746554912358 30.0 3161
1746554934987 31.0 3263
1746554957913 32.0 3365
1746554979984 33.0 3467
1746555004190 34.0 3569
1746555026777 35.0 3671
1746555049068 36.0 3773
1746555072126 37.0 3875
1746555095829 38.0 3977
1746555119191 39.0 4079
1746555121787 40.0 4080
