1746554226541 0.3506580889225006 101
1746554249664 0.12568238377571106 203
1746554272009 0.10195284336805344 305
1746554296542 0.09260080009698868 407
1746554320188 0.08806966990232468 509
1746554343790 0.08506373316049576 611
1746554367176 0.08137622475624084 713
1746554392035 0.08003901690244675 815
1746554415511 0.07877761870622635 917
1746554438669 0.07624103873968124 1019
1746554461701 0.07532206177711487 1121
1746554485021 0.07381467521190643 1223
1746554507955 0.07331740856170654 1325
1746554529160 0.07267989218235016 1427
1746554550289 0.07081721723079681 1529
1746554573535 0.06965178996324539 1631
1746554595996 0.06932966411113739 1733
1746554617640 0.06942540407180786 1835
1746554640653 0.0682959258556366 1937
1746554664060 0.06788945943117142 2039
1746554685903 0.06740403920412064 2141
1746554708297 0.06697873771190643 2243
1746554730604 0.06661384552717209 2345
1746554753950 0.06586826592683792 2447
1746554776074 0.06553065031766891 2549
1746554797651 0.06541424244642258 2651
1746554821428 0.06521903723478317 2753
1746554843869 0.06500871479511261 2855
1746554865578 0.0643240213394165 2957
1746554888542 0.06391395628452301 3059
1746554912358 0.06391746550798416 3161
1746554934987 0.06371234357357025 3263
1746554957913 0.06322546303272247 3365
1746554979984 0.06300647556781769 3467
1746555004190 0.06308547407388687 3569
1746555026777 0.06265217065811157 3671
1746555049068 0.06248234212398529 3773
1746555072126 0.06253095716238022 3875
1746555095829 0.06263686716556549 3977
1746555119191 0.06207222864031792 4079
