1746553308562 0.0 110
1746553330434 1.0 221
1746553352109 2.0 332
1746553374319 3.0 443
1746553397357 4.0 554
1746553419231 5.0 665
1746553441329 6.0 776
1746553464672 7.0 887
1746553486920 8.0 998
1746553509301 9.0 1109
1746553531969 10.0 1220
1746553555280 11.0 1331
1746553577698 12.0 1442
1746553601288 13.0 1553
1746553623419 14.0 1664
1746553646435 15.0 1775
1746553667667 16.0 1886
1746553689204 17.0 1997
1746553711855 18.0 2108
1746553732581 19.0 2219
1746553753753 20.0 2330
1746553775175 21.0 2441
1746553798353 22.0 2552
1746553819651 23.0 2663
1746553840426 24.0 2774
1746553863161 25.0 2885
1746553884727 26.0 2996
1746553906436 27.0 3107
1746553928331 28.0 3218
1746553951243 29.0 3329
1746553972504 30.0 3440
1746553994559 31.0 3551
1746554017595 32.0 3662
1746554039513 33.0 3773
1746554061250 34.0 3884
1746554082852 35.0 3995
1746554107276 36.0 4106
1746554129616 37.0 4217
1746554151338 38.0 4328
1746554175028 39.0 4439
1746554174957 40.0 4440
