1746553308562 0.32540929317474365 110
1746553330434 0.12535884976387024 221
1746553352109 0.10548810660839081 332
1746553374319 0.09590635448694229 443
1746553397357 0.09157019853591919 554
1746553419231 0.08690173923969269 665
1746553441329 0.08389092236757278 776
1746553464672 0.08120781183242798 887
1746553486920 0.08055219054222107 998
1746553509301 0.07865537703037262 1109
1746553531969 0.07691794633865356 1220
1746553555280 0.07596629858016968 1331
1746553577698 0.07513296604156494 1442
1746553601288 0.07423615455627441 1553
1746553623419 0.07446623593568802 1664
1746553646435 0.07266169041395187 1775
1746553667667 0.07230508327484131 1886
1746553689204 0.07179635018110275 1997
1746553711855 0.07216421514749527 2108
1746553732581 0.07072685658931732 2219
1746553753753 0.07083284854888916 2330
1746553775175 0.06997475028038025 2441
1746553798353 0.06996279954910278 2552
1746553819651 0.06877278536558151 2663
1746553840426 0.06852122396230698 2774
1746553863161 0.06845878064632416 2885
1746553884727 0.06815233826637268 2996
1746553906436 0.06766471266746521 3107
1746553928331 0.06788691878318787 3218
1746553951243 0.06754409521818161 3329
1746553972504 0.06705766171216965 3440
1746553994559 0.06725595891475677 3551
1746554017595 0.06685835123062134 3662
1746554039513 0.06661084294319153 3773
1746554061250 0.06625588238239288 3884
1746554082852 0.06610967963933945 3995
1746554107276 0.06609349697828293 4106
1746554129616 0.06584782898426056 4217
1746554151338 0.06616491824388504 4328
1746554175028 0.06567463278770447 4439
