1747845570056 0.7532278299331665 70
1747845603820 0.3033871650695801 141
1747845637415 0.05509723350405693 212
1747845671169 0.025822492316365242 283
1747845704857 0.01616673916578293 354
1747845738611 0.007598498836159706 425
1747845771580 0.003411809913814068 496
1747845802071 0.002780398353934288 567
1747845832740 0.0027018277905881405 638
1747845863255 0.000882155611179769 709
1747845893928 0.000387162173865363 780
1747845924366 0.0002376403717789799 851
1747845954972 0.00014215339615475386 922
1747845985730 7.832950359443203e-05 993
1747846016452 7.93698345660232e-05 1064
1747846047353 4.921739673591219e-05 1135
1747846077941 2.536019565013703e-05 1206
1747846108900 2.4337628929060884e-05 1277
