1746804151891 0.3216518759727478 60
1746804171355 0.17394427955150604 121
1746804189152 0.15050417184829712 182
1746804206820 0.1394999623298645 243
1746804225763 0.13061508536338806 304
1746804243348 0.12491589784622192 365
1746804261676 0.12044597417116165 426
1746804279272 0.11708392202854156 487
1746804297140 0.11428529024124146 548
1746804316378 0.11218955367803574 609
1746804334555 0.11054738610982895 670
1746804353307 0.10904242098331451 731
1746804371377 0.10790760070085526 792
1746804393450 0.1070503368973732 853
1746804415202 0.10642480105161667 914
1746804432814 0.10549406707286835 975
