1746552534545 0.0 101
1746552557243 1.0 203
1746552574209 2.0 305
1746552592674 3.0 407
1746552609783 4.0 509
1746552626765 5.0 611
1746552641754 6.0 713
1746552658495 7.0 815
1746552674791 8.0 917
1746552692047 9.0 1019
1746552710864 10.0 1121
1746552728956 11.0 1223
1746552748386 12.0 1325
1746552767112 13.0 1427
1746552784875 14.0 1529
1746552804540 15.0 1631
1746552821963 16.0 1733
1746552840881 17.0 1835
1746552858495 18.0 1937
1746552877337 19.0 2039
1746552894531 20.0 2141
1746552911846 21.0 2243
1746552930680 22.0 2345
1746552947782 23.0 2447
1746552966366 24.0 2549
1746552983966 25.0 2651
1746553001761 26.0 2753
1746553021048 27.0 2855
1746553038926 28.0 2957
1746553058304 29.0 3059
1746553076417 30.0 3161
1746553095007 31.0 3263
1746553114918 32.0 3365
1746553133528 33.0 3467
1746553153995 34.0 3569
1746553173863 35.0 3671
1746553193680 36.0 3773
1746553214969 37.0 3875
1746553235833 38.0 3977
1746553255450 39.0 4079
1746553257821 40.0 4080
