1746552534545 0.35692840814590454 101
1746552557243 0.1367090791463852 203
1746552574209 0.10854870826005936 305
1746552592674 0.10119262337684631 407
1746552609783 0.0943651795387268 509
1746552626765 0.09028975665569305 611
1746552641754 0.08732334524393082 713
1746552658495 0.08527752012014389 815
1746552674791 0.08324214071035385 917
1746552692047 0.08224862068891525 1019
1746552710864 0.08069168031215668 1121
1746552728956 0.07870224863290787 1223
1746552748386 0.07842042297124863 1325
1746552767112 0.07672316581010818 1427
1746552784875 0.07646854221820831 1529
1746552804540 0.07552427053451538 1631
1746552821963 0.07456094026565552 1733
1746552840881 0.07373841106891632 1835
1746552858495 0.07312285155057907 1937
1746552877337 0.07210446894168854 2039
1746552894531 0.07190626859664917 2141
1746552911846 0.0714235007762909 2243
1746552930680 0.07141166180372238 2345
1746552947782 0.07082697004079819 2447
1746552966366 0.07063237577676773 2549
1746552983966 0.07070718705654144 2651
1746553001761 0.06966440379619598 2753
1746553021048 0.06972324848175049 2855
1746553038926 0.06909892708063126 2957
1746553058304 0.06905876845121384 3059
1746553076417 0.06893853098154068 3161
1746553095007 0.0687401071190834 3263
1746553114918 0.06829433888196945 3365
1746553133528 0.06813215464353561 3467
1746553153995 0.06800103187561035 3569
1746553173863 0.06797456741333008 3671
1746553193680 0.06734836846590042 3773
1746553214969 0.06725850701332092 3875
1746553235833 0.06725040078163147 3977
1746553255450 0.06715299189090729 4079
