1746555176505 0.0 110
1746555204507 1.0 221
1746555230027 2.0 332
1746555255464 3.0 443
1746555282837 4.0 554
1746555310061 5.0 665
1746555336862 6.0 776
1746555363799 7.0 887
1746555390355 8.0 998
1746555417566 9.0 1109
1746555450610 10.0 1220
1746555480280 11.0 1331
1746555510685 12.0 1442
1746555538843 13.0 1553
1746555566837 14.0 1664
1746555595996 15.0 1775
1746555625566 16.0 1886
1746555653876 17.0 1997
1746555681695 18.0 2108
1746555710431 19.0 2219
1746555739432 20.0 2330
1746555768020 21.0 2441
1746555796473 22.0 2552
1746555825005 23.0 2663
1746555853863 24.0 2774
1746555882080 25.0 2885
1746555911316 26.0 2996
1746555939426 27.0 3107
1746555968073 28.0 3218
1746555996485 29.0 3329
1746556027287 30.0 3440
1746556056279 31.0 3551
1746556088427 32.0 3662
1746556116980 33.0 3773
1746556140710 34.0 3884
1746556162815 35.0 3995
1746556185618 36.0 4106
1746556209752 37.0 4217
1746556231574 38.0 4328
1746556254337 39.0 4439
1746556255490 40.0 4440
