1746555176505 0.3149529695510864 110
1746555204507 0.11536428332328796 221
1746555230027 0.10050338506698608 332
1746555255464 0.09088073670864105 443
1746555282837 0.08558448404073715 554
1746555310061 0.08191834390163422 665
1746555336862 0.0788673460483551 776
1746555363799 0.07703998684883118 887
1746555390355 0.07436642795801163 998
1746555417566 0.07400842756032944 1109
1746555450610 0.07202256470918655 1220
1746555480280 0.0709766373038292 1331
1746555510685 0.06960595399141312 1442
1746555538843 0.06877919286489487 1553
1746555566837 0.06778639554977417 1664
1746555595996 0.06846583634614944 1775
1746555625566 0.06689085066318512 1886
1746555653876 0.06623514741659164 1997
1746555681695 0.06567315012216568 2108
1746555710431 0.06489448994398117 2219
1746555739432 0.0651305690407753 2330
1746555768020 0.06401555240154266 2441
1746555796473 0.06384945660829544 2552
1746555825005 0.06387893110513687 2663
1746555853863 0.0634516030550003 2774
1746555882080 0.06325367093086243 2885
1746555911316 0.06251807510852814 2996
1746555939426 0.0621434710919857 3107
1746555968073 0.062005117535591125 3218
1746555996485 0.062066275626420975 3329
1746556027287 0.061789706349372864 3440
1746556056279 0.06144605576992035 3551
1746556088427 0.061153046786785126 3662
1746556116980 0.06104002892971039 3773
1746556140710 0.0606950968503952 3884
1746556162815 0.060923464596271515 3995
1746556185618 0.06053363159298897 4106
1746556209752 0.06039329618215561 4217
1746556231574 0.06014589965343475 4328
1746556254337 0.0600474551320076 4439
